4
0110
1001
1111
1001
1001
4
1110
1001
1110
1001
1110
4
0111
1000
1000
1000
0111
4
1110
1001
1001
1001
1110
4
1111
1000
1110
1000
1111
4
1111
1000
1110
1000
1000
4
0111
1000
1011
1001
0111
4
1001
1001
1111
1001
1001
1
1
1
1
1
1
3
001
001
001
001
110
4
1001
1010
1100
1010
1001
4
1000
1000
1000
1000
1111
5
10001
11011
10101
10001
10001
4
1001
1101
1011
1001
1001
4
0110
1001
1001
1001
0110
4
1110
1001
1110
1000
1000
4
0110
1001
1001
1011
0111
4
1110
1001
1110
1001
1001
4
0110
1000
0110
0001
0110
3
111
010
010
010
010
4
1001
1001
1001
1001
0110
5
10001
10001
10001
01010
00100
5
10001
10001
10101
10101
01010
5
10001
01010
00100
01010
10001
5
10001
01010
00100
00100
00100
5
11111
00010
00100
01000
11111
4
0110
1001
1001
1001
0110
1
1
1
1
1
1
4
0110
1001
0010
0100
1111
4
1110
0001
0110
0001
1110
4
1001
1001
1111
0001
0001
4
1111
1000
1110
0001
1110
4
0110
1000
1110
1001
0110
4
1111
0001
0010
0100
1000
4
0110
1001
0110
1001
0110
4
0110
1001
0111
0001
0001
1
0
0
0
0
1
2
00
00
00
11
11
1
1
1
1
0
1
2
11
11
01
00
10
1
1
1
0
1
1
4
0000
0000
0000
0000
1111
1
1
1
0
0
0
3
000
000
111
000
000
2
01
10
10
10
01
2
10
01
01
01
10